   period  n  ticks_per_side  zt_tick_usd  zt_sd_usd  zt_rt_usd  zt_cost_over_sd  zt_breakeven_corr  zt_breakeven_corr_team_tick  es_sd_usd  es_rt_usd  es_cost_over_sd  es_breakeven_corr
2011-2019 40               2       14.062      117.0      60.25            0.517              0.647                        0.715      517.0       54.0           0.1045              0.131
2011-2019 40               4       14.062      117.0     116.50            0.999              1.252                        1.386      517.0      104.0           0.2012              0.252
2020-2026 53               2        7.812      220.0      35.25            0.160              0.201                        0.379     1917.0       54.0           0.0282              0.035
2020-2026 53               4        7.812      220.0      66.50            0.303              0.379                        0.736     1917.0      104.0           0.0542              0.068
2016-2026 73               2        9.097      201.0      40.39            0.201              0.252                        0.416     1663.0       54.0           0.0325              0.041
2016-2026 73               4        9.097      201.0      76.77            0.383              0.480                        0.806     1663.0      104.0           0.0625              0.078
2016-2018 12               2       15.625       74.0      66.50            0.893              1.120                        1.120      703.0       54.0           0.0768              0.096
2016-2018 12               4       15.625       74.0     129.00            1.733              2.172                        2.172      703.0      104.0           0.1479              0.185
2019-2021 23               2        7.812      121.0      35.25            0.292              0.366                        0.690      836.0       54.0           0.0646              0.081
2019-2021 23               4        7.812      121.0      66.50            0.550              0.690                        1.338      836.0      104.0           0.1244              0.156
2022-2023 16               2        7.812      315.0      35.25            0.112              0.140                        0.265     2624.0       54.0           0.0206              0.026
2022-2023 16               4        7.812      315.0      66.50            0.211              0.265                        0.513     2624.0      104.0           0.0396              0.050
2023-2026 30               2        7.812      201.0      35.25            0.175              0.219                        0.414     1746.0       54.0           0.0309              0.039
2023-2026 30               4        7.812      201.0      66.50            0.330              0.414                        0.803     1746.0      104.0           0.0595              0.075
2024-2026 22               2        7.812      174.0      35.25            0.202              0.253                        0.478     1782.0       54.0           0.0303              0.038
2024-2026 22               4        7.812      174.0      66.50            0.381              0.478                        0.927     1782.0      104.0           0.0583              0.073

Per-year ZT presser-window sd ($/contract) and 2-tick/side round trip / sd:
      n   zt_sd   tick    rt2  rt2_over_sd
yr                                        
2011  3   22.85  15.62  66.50         2.91
2012  5   22.85  15.62  66.50         2.91
2013  4   51.84  15.62  66.50         1.28
2014  4  147.26  15.62  66.50         0.45
2015  4  129.63  15.62  66.50         0.51
2016  4  100.96  15.62  66.50         0.66
2017  4   76.65  15.62  66.50         0.87
2018  4   31.51  15.62  66.50         2.11
2019  8  202.11   7.81  35.25         0.17
2020  7   35.03   7.81  35.25         1.01
2021  8   41.38   7.81  35.25         0.85
2022  8  423.06   7.81  35.25         0.08
2023  8  171.41   7.81  35.25         0.21
2024  8  184.72   7.81  35.25         0.19
2025  8  174.66   7.81  35.25         0.20
2026  6  168.07   7.81  35.25         0.21
