press_conf_time values: ['14:15:00', '14:30:00']
       d  n  med_diff_s  iqr_s
20110622 19        5.79  88.64
20120425 19       -5.81   1.14
20120913 23       -4.12   0.99
20121212 23        0.56   1.27
20130320 21       -2.84   1.35
20130619 21        1.07   0.96
20130918 18       -3.45   1.83
20140319 16       -3.98   0.85
20140618 16       -5.00   0.96
20140917 12       -5.07   0.89
20141217 15       -3.75   1.04
20150318 20       -1.44   0.91
20150617 17       -2.64   1.34
20150917 18       -8.52   1.01
20151216 18       -7.42   0.86
20160316 16       -3.58   1.04
20160615 15       -0.02   1.19
20160921 19       -1.53   0.77
20161214 20       -1.85   0.73
20170315 18        0.60   1.44
20170614 16       -1.85   1.41
20170920 14        1.99   1.65
20171213 18       -4.73   0.98
20180321 20       -1.39   1.33
20180613 22       -6.59   0.91
20180926 24       -3.14   1.11
20181219 21       -4.01   1.57
20190130 25       -0.24   1.45
20190320 26        0.69   1.52
20190501 23       -0.88  61.89
20190619 20       -2.62   1.31
per-presser median difference (s): median -2.64, min -8.52, max 5.79
