ZT
      odd_1_256  odd_1_128
yr                        
2010      0.000      0.484
2011      0.000      0.466
2012      0.000      0.498
2013      0.000      0.480
2014      0.000      0.492
2015      0.000      0.495
2016      0.000      0.506
2017      0.000      0.512
2018      0.000      0.483
2019      0.450      0.257
2020      0.492      0.240
2021      0.491      0.243
2022      0.473      0.235
2023      0.482      0.237
2024      0.490      0.226
2025      0.478      0.256
2026      0.501      0.247
ZF
      odd_1_256  odd_1_128
yr                        
2010        0.0      0.480
2011        0.0      0.464
2012        0.0      0.494
2013        0.0      0.491
2014        0.0      0.497
2015        0.0      0.490
2016        0.0      0.488
2017        0.0      0.479
2018        0.0      0.468
2019        0.0      0.488
2020        0.0      0.487
2021        0.0      0.498
2022        0.0      0.492
2023        0.0      0.489
2024        0.0      0.482
2025        0.0      0.487
2026        0.0      0.460
ZN
      odd_1_256  odd_1_128
yr                        
2010        0.0        0.0
2011        0.0        0.0
2012        0.0        0.0
2013        0.0        0.0
2014        0.0        0.0
2015        0.0        0.0
2016        0.0        0.0
2017        0.0        0.0
2018        0.0        0.0
2019        0.0        0.0
2020        0.0        0.0
2021        0.0        0.0
2022        0.0        0.0
2023        0.0        0.0
2024        0.0        0.0
2025        0.0        0.0
2026        0.0        0.0
first ZT.v.0 daily bar (UTC date) with a 1/8-of-1/32 print: 2019-01-14 00:00:00+00:00
