   root                window             period   costs  n_events  mean_bp   sd_bp  t_nw_mean  hit_rate  sharpe_per_trade  sharpe_ann_timeline  sharpe_ann_se  ann_contribution_pct  nonfomc_mean_bp  fomc_minus_other_bp  fomc_minus_other_t_nw  excluded_invalid
0    ES      LM_14_to_release  IS_full_2010_2024   gross       114   13.909  67.619      2.067     0.570             0.206                0.572          0.285                 1.109            5.059                8.850                  1.338                13
1    ES      LM_14_to_release  IS_full_2010_2024  net_1x       114   11.909  67.619      1.770     0.518             0.176                0.492          0.280                 0.949            5.059                8.850                  1.338                13
2    ES      LM_14_to_release  IS_full_2010_2024  net_2x       114    9.909  67.619      1.473     0.482             0.147                0.411          0.275                 0.790            5.059                8.850                  1.338                13
3    ES      LM_14_to_release   IS_pre_2010_2014   gross        37   -4.561  66.948     -0.448     0.432            -0.068               -0.196          0.473                -0.370            7.379              -11.941                 -1.081                 9
4    ES      LM_14_to_release   IS_pre_2010_2014  net_1x        37   -6.561  66.948     -0.644     0.378            -0.098               -0.281          0.477                -0.532            7.379              -11.941                 -1.081                 9
5    ES      LM_14_to_release   IS_pre_2010_2014  net_2x        37   -8.561  66.948     -0.841     0.324            -0.128               -0.366          0.484                -0.694            7.379              -11.941                 -1.081                 9
6    ES      LM_14_to_release  IS_post_2015_2024   gross        77   22.785  66.554      2.783     0.636             0.342                0.917          0.382                 1.802            3.980               18.805                  2.345                 4
7    ES      LM_14_to_release  IS_post_2015_2024  net_1x        77   20.785  66.554      2.539     0.584             0.312                0.844          0.373                 1.643            3.980               18.805                  2.345                 4
8    ES      LM_14_to_release  IS_post_2015_2024  net_2x        77   18.785  66.554      2.295     0.558             0.282                0.769          0.365                 1.485            3.980               18.805                  2.345                 4
9    ES      LM_14_to_release    later_2024_2026   gross        16   -2.304  38.803     -0.238     0.500            -0.059               -0.174          0.715                -0.185            5.143               -7.447                 -0.751                 1
10   ES      LM_14_to_release    later_2024_2026  net_1x        16   -4.304  38.803     -0.444     0.500            -0.111               -0.323          0.727                -0.346            5.143               -7.447                 -0.751                 1
11   ES      LM_14_to_release    later_2024_2026  net_2x        16   -6.304  38.803     -0.651     0.500            -0.162               -0.469          0.747                -0.507            5.143               -7.447                 -0.751                 1
12   ES  LM_14_to_release_m1h  IS_full_2010_2024   gross       114   13.569  66.602      2.164     0.570             0.204                0.566          0.285                 1.082            5.365                8.204                  1.266                13
13   ES  LM_14_to_release_m1h  IS_full_2010_2024  net_1x       114   11.569  66.602      1.845     0.544             0.174                0.485          0.280                 0.922            5.365                8.204                  1.266                13
14   ES  LM_14_to_release_m1h  IS_full_2010_2024  net_2x       114    9.569  66.602      1.526     0.500             0.144                0.403          0.275                 0.763            5.365                8.204                  1.266                13
15   ES  LM_14_to_release_m1h   IS_pre_2010_2014   gross        37   -1.882  70.070     -0.187     0.459            -0.027               -0.077          0.469                -0.153            7.033               -8.915                 -0.767                 9
16   ES  LM_14_to_release_m1h   IS_pre_2010_2014  net_1x        37   -3.882  70.070     -0.386     0.405            -0.055               -0.160          0.471                -0.315            7.033               -8.915                 -0.767                 9
17   ES  LM_14_to_release_m1h   IS_pre_2010_2014  net_2x        37   -5.882  70.070     -0.585     0.378            -0.084               -0.241          0.475                -0.477            7.033               -8.915                 -0.767                 9
18   ES  LM_14_to_release_m1h  IS_post_2015_2024   gross        77   20.994  64.013      2.775     0.623             0.328                0.883          0.378                 1.660            4.589               16.404                  2.145                 4
19   ES  LM_14_to_release_m1h  IS_post_2015_2024  net_1x        77   18.994  64.013      2.511     0.610             0.297                0.806          0.369                 1.502            4.589               16.404                  2.145                 4
20   ES  LM_14_to_release_m1h  IS_post_2015_2024  net_2x        77   16.994  64.013      2.246     0.558             0.265                0.727          0.360                 1.344            4.589               16.404                  2.145                 4
21   ES  LM_14_to_release_m1h    later_2024_2026   gross        16   -0.050  47.543     -0.004     0.500            -0.001               -0.003          0.709                -0.004            2.954               -3.004                 -0.250                 1
22   ES  LM_14_to_release_m1h    later_2024_2026  net_1x        16   -2.050  47.543     -0.156     0.500            -0.043               -0.126          0.712                -0.165            2.954               -3.004                 -0.250                 1
23   ES  LM_14_to_release_m1h    later_2024_2026  net_2x        16   -4.050  47.543     -0.309     0.500            -0.085               -0.248          0.720                -0.326            2.954               -3.004                 -0.250                 1
24   ES    close16_to_release  IS_full_2010_2024   gross       114   15.815  65.557      2.422     0.535             0.241                0.665          0.292                 1.261            4.258               11.557                  1.809                13
25   ES    close16_to_release  IS_full_2010_2024  net_1x       114   13.815  65.557      2.115     0.509             0.211                0.585          0.286                 1.101            4.258               11.557                  1.809                13
26   ES    close16_to_release  IS_full_2010_2024  net_2x       114   11.815  65.557      1.809     0.491             0.180                0.503          0.281                 0.942            4.258               11.557                  1.809                13
27   ES    close16_to_release   IS_pre_2010_2014   gross        37    6.901  64.054      0.675     0.514             0.108                0.309          0.479                 0.559            6.620                0.280                  0.026                 9
28   ES    close16_to_release   IS_pre_2010_2014  net_1x        37    4.901  64.054      0.479     0.486             0.077                0.220          0.474                 0.397            6.620                0.280                  0.026                 9
29   ES    close16_to_release   IS_pre_2010_2014  net_2x        37    2.901  64.054      0.284     0.459             0.045                0.131          0.470                 0.235            6.620                0.280                  0.026                 9
30   ES    close16_to_release  IS_post_2015_2024   gross        77   20.099  66.252      2.437     0.545             0.303                0.822          0.371                 1.589            3.160               16.939                  2.144                 4
31   ES    close16_to_release  IS_post_2015_2024  net_1x        77   18.099  66.252      2.195     0.519             0.273                0.746          0.362                 1.431            3.160               16.939                  2.144                 4
32   ES    close16_to_release  IS_post_2015_2024  net_2x        77   16.099  66.252      1.952     0.506             0.243                0.669          0.354                 1.273            3.160               16.939                  2.144                 4
33   ES    close16_to_release    later_2024_2026   gross        16    0.439  35.430      0.054     0.562             0.012                0.036          0.709                 0.035            6.672               -6.233                 -0.676                 1
34   ES    close16_to_release    later_2024_2026  net_1x        16   -1.561  35.430     -0.193     0.562            -0.044               -0.129          0.712                -0.126            6.672               -6.233                 -0.676                 1
35   ES    close16_to_release    later_2024_2026  net_2x        16   -3.561  35.430     -0.440     0.438            -0.101               -0.293          0.724                -0.287            6.672               -6.233                 -0.676                 1
36   ZN      LM_14_to_release  IS_full_2010_2024   gross       114    3.646  27.456      1.348     0.553             0.133                0.373          0.273                 0.291            0.296                3.350                  1.279                10
37   ZN      LM_14_to_release  IS_full_2010_2024  net_1x       114    0.646  27.456      0.239     0.535             0.024                0.067          0.265                 0.051            0.296                3.350                  1.279                10
38   ZN      LM_14_to_release  IS_full_2010_2024  net_2x       114   -2.354  27.456     -0.870     0.474            -0.086               -0.242          0.268                -0.188            0.296                3.350                  1.279                10
39   ZN      LM_14_to_release   IS_pre_2010_2014   gross        37   -2.174  30.731     -0.506     0.486            -0.071               -0.204          0.473                -0.176            1.791               -3.964                 -0.790                 3
40   ZN      LM_14_to_release   IS_pre_2010_2014  net_1x        37   -5.174  30.731     -1.204     0.459            -0.168               -0.479          0.494                -0.419            1.791               -3.964                 -0.790                 3
41   ZN      LM_14_to_release   IS_pre_2010_2014  net_2x        37   -8.174  30.731     -1.902     0.459            -0.266               -0.742          0.529                -0.663            1.791               -3.964                 -0.790                 3
42   ZN      LM_14_to_release  IS_post_2015_2024   gross        77    6.442  25.476      1.947     0.584             0.253                0.694          0.357                 0.509           -0.404                6.846                  2.300                 7
43   ZN      LM_14_to_release  IS_post_2015_2024  net_1x        77    3.442  25.476      1.041     0.571             0.135                0.379          0.332                 0.272           -0.404                6.846                  2.300                 7
44   ZN      LM_14_to_release  IS_post_2015_2024  net_2x        77    0.442  25.476      0.134     0.481             0.017                0.049          0.321                 0.035           -0.404                6.846                  2.300                 7
45   ZN      LM_14_to_release    later_2024_2026   gross        16   -2.340  25.719     -0.376     0.375            -0.091               -0.265          0.722                -0.188           -1.687               -0.653                 -0.099                 1
46   ZN      LM_14_to_release    later_2024_2026  net_1x        16   -5.340  25.719     -0.858     0.312            -0.208               -0.595          0.769                -0.430           -1.687               -0.653                 -0.099                 1
47   ZN      LM_14_to_release    later_2024_2026  net_2x        16   -8.340  25.719     -1.340     0.250            -0.324               -0.901          0.841                -0.671           -1.687               -0.653                 -0.099                 1
48   ZN  LM_14_to_release_m1h  IS_full_2010_2024   gross       114    1.906  27.583      0.686     0.544             0.069                0.195          0.267                 0.152            0.077                1.828                  0.695                 9
49   ZN  LM_14_to_release_m1h  IS_full_2010_2024  net_1x       114   -1.094  27.583     -0.394     0.500            -0.040               -0.112          0.265                -0.087            0.077                1.828                  0.695                 9
50   ZN  LM_14_to_release_m1h  IS_full_2010_2024  net_2x       114   -4.094  27.583     -1.475     0.421            -0.148               -0.416          0.276                -0.326            0.077                1.828                  0.695                 9
51   ZN  LM_14_to_release_m1h   IS_pre_2010_2014   gross        37   -4.959  30.119     -1.219     0.405            -0.165               -0.469          0.493                -0.402            1.572               -6.531                 -1.326                 3
52   ZN  LM_14_to_release_m1h   IS_pre_2010_2014  net_1x        37   -7.959  30.119     -1.957     0.378            -0.264               -0.737          0.528                -0.645            1.572               -6.531                 -1.326                 3
53   ZN  LM_14_to_release_m1h   IS_pre_2010_2014  net_2x        37  -10.959  30.119     -2.694     0.351            -0.364               -0.987          0.571                -0.889            1.572               -6.531                 -1.326                 3
54   ZN  LM_14_to_release_m1h  IS_post_2015_2024   gross        77    5.204  25.837      1.518     0.610             0.201                0.559          0.345                 0.411           -0.623                5.827                  1.934                 6
55   ZN  LM_14_to_release_m1h  IS_post_2015_2024  net_1x        77    2.204  25.837      0.643     0.558             0.085                0.241          0.325                 0.174           -0.623                5.827                  1.934                 6
56   ZN  LM_14_to_release_m1h  IS_post_2015_2024  net_2x        77   -0.796  25.837     -0.232     0.455            -0.031               -0.087          0.321                -0.063           -0.623                5.827                  1.934                 6
57   ZN  LM_14_to_release_m1h    later_2024_2026   gross        16   -2.818  25.196     -0.470     0.375            -0.112               -0.325          0.728                -0.227           -1.529               -1.289                 -0.200                 1
58   ZN  LM_14_to_release_m1h    later_2024_2026  net_1x        16   -5.818  25.196     -0.971     0.375            -0.231               -0.658          0.782                -0.468           -1.529               -1.289                 -0.200                 1
59   ZN  LM_14_to_release_m1h    later_2024_2026  net_2x        16   -8.818  25.196     -1.472     0.375            -0.350               -0.965          0.859                -0.710           -1.529               -1.289                 -0.200                 1
60   ZN    close16_to_release  IS_full_2010_2024   gross       114    4.117  26.099      1.606     0.526             0.158                0.442          0.277                 0.328            0.535                3.582                  1.435                 9
61   ZN    close16_to_release  IS_full_2010_2024  net_1x       114    1.117  26.099      0.436     0.526             0.043                0.121          0.265                 0.089            0.535                3.582                  1.435                 9
62   ZN    close16_to_release  IS_full_2010_2024  net_2x       114   -1.883  26.099     -0.735     0.447            -0.072               -0.204          0.267                -0.150            0.535                3.582                  1.435                 9
63   ZN    close16_to_release   IS_pre_2010_2014   gross        37   -3.478  28.357     -1.031     0.378            -0.123               -0.351          0.482                -0.282            2.379               -5.857                 -1.260                 3
64   ZN    close16_to_release   IS_pre_2010_2014  net_1x        37   -6.478  28.357     -1.920     0.378            -0.228               -0.643          0.514                -0.525            2.379               -5.857                 -1.260                 3
65   ZN    close16_to_release   IS_pre_2010_2014  net_2x        37   -9.478  28.357     -2.809     0.378            -0.334               -0.915          0.558                -0.768            2.379               -5.857                 -1.260                 3
66   ZN    close16_to_release  IS_post_2015_2024   gross        77    7.767  24.296      2.404     0.597             0.320                0.862          0.375                 0.614           -0.328                8.095                  2.851                 6
67   ZN    close16_to_release  IS_post_2015_2024  net_1x        77    4.767  24.296      1.476     0.597             0.196                0.545          0.343                 0.377           -0.328                8.095                  2.851                 6
68   ZN    close16_to_release  IS_post_2015_2024  net_2x        77    1.767  24.296      0.547     0.481             0.073                0.205          0.324                 0.140           -0.328                8.095                  2.851                 6
69   ZN    close16_to_release    later_2024_2026   gross        16   -1.304  26.337     -0.206     0.438            -0.050               -0.145          0.713                -0.105           -1.308                0.004                  0.001                 1
70   ZN    close16_to_release    later_2024_2026  net_1x        16   -4.304  26.337     -0.681     0.375            -0.163               -0.472          0.748                -0.346           -1.308                0.004                  0.001                 1
71   ZN    close16_to_release    later_2024_2026  net_2x        16   -7.304  26.337     -1.155     0.250            -0.277               -0.781          0.810                -0.588           -1.308                0.004                  0.001                 1
  root                window  pre_mean_bp  post_mean_bp  diff_bp  welch_t  boot_ci_lo_bp  boot_ci_hi_bp  boot_p_two_sided  n_pre  n_post
0   ES      LM_14_to_release       -4.561        22.785  -27.346   -2.046        -53.288         -1.526             0.037     37      77
1   ES  LM_14_to_release_m1h       -1.882        20.994  -22.875   -1.678        -49.550          3.051             0.086     37      77
2   ES    close16_to_release        6.901        20.099  -13.198   -1.019        -37.982         12.097             0.310     37      77
3   ZN      LM_14_to_release       -2.174         6.442   -8.616   -1.479        -20.374          2.445             0.125     37      77
4   ZN  LM_14_to_release_m1h       -4.959         5.204  -10.163   -1.764        -21.436          0.887             0.074     37      77
5   ZN    close16_to_release       -3.478         7.767  -11.245   -2.074        -21.738         -0.936             0.032     37      77
hour_et            8     9     10    11    12    13    14    15    16
root grp                                                             
ES   fomc_12:30   9.7  23.7  22.4   8.1  30.5  22.4  29.2  24.7  11.2
     fomc_14:00  12.7  14.9  17.9  13.9  12.9  10.5  45.1  40.0  12.0
     fomc_14:15  12.8  24.7  31.5  17.1  15.0  12.0  45.2  77.8  12.7
     non_fomc    15.4  22.3  24.6  19.5  16.2  16.4  17.4  22.0  10.5
ZN   fomc_12:30   5.4   6.1   3.9  10.1  22.7   9.8  12.1   4.8   4.3
     fomc_14:00   8.8   5.7   6.2   3.9   3.7   4.6  24.5   9.0   5.1
     fomc_14:15   5.8   9.0   7.9   5.3   4.3  10.3  29.7  11.2   5.2
     non_fomc     9.9   7.7   7.7   6.1   4.7   5.5   5.0   4.0   3.5
FOMC events in data: 130 of 130
