1. Power->Closing anchor step (s):
    date  step_hi  step_lo
20230322     11.5      9.8
20230503     -1.4      0.1
20230920      2.1      2.1
20240131      2.2      3.6
20240501      2.2     -1.9
20240612     17.4     15.6
20240731      1.1     -1.6
20240918      2.4     -1.9
20241107     -7.0     -9.0
20241218     -2.8     -2.5
20250129     -0.5     -1.4
20250319      3.1      1.4
20250507      1.4     -2.5
20250618      3.2     -0.6
20250730     -1.0      0.8
20250917      3.1      1.6
20251029      0.1     -1.2
20260128     -2.2     -0.9
20260318      0.4     -0.8
20260429      2.0      0.0
20260617      0.3      0.3
20260729      1.6      1.1
   |step_hi| >= 10 s: 2 of 22

2. clock spec gap:
  date_x  addendum_upper  trailing600_hi  addendum_minus_IA_hi  v1_tau_used_minus_addendum
20230322            54.3            66.9                 -12.6                        42.6
20230503            60.9            61.2                  -0.3                        30.3
20230920            52.7            51.8                   0.9                        29.1
20240131            -1.0            -0.8                  -0.2                        30.2
20240501            73.7            73.0                   0.7                        29.3
20240612            52.7            69.8                 -17.1                        47.1
20240731            34.7            37.8                  -3.1                        33.1
20240918             1.1             0.7                   0.4                        29.6
20241107            56.0            50.3                   5.7                        24.3
20241218            53.7            45.1                   8.6                        21.4
20250129            61.7            54.3                   7.4                        22.6
20250319            27.5            23.5                   4.0                        26.0
20250507            65.1            65.1                   0.0                        30.0
20250618            33.2            35.8                  -2.6                        32.6
20250730            74.3            72.3                   2.0                        28.0
20250917            58.5            53.4                   5.1                        24.9
20251029            42.2            -1.5                  43.7                       -13.7
20260128            52.6            54.4                  -1.8                        31.8
20260318            31.8            27.8                   4.0                        26.0
20260429           122.2           124.5                  -2.3                        32.3
20260617            55.4            59.1                  -3.7                        33.7
20260729            64.7            69.4                  -4.7                        34.7
20260916            76.4            78.4                  -2.0                        32.0
   ADDENDUM bound below the IA LAG-free hi on 11 of 23 ; min -17.1 | v1 tau_used minus ADDENDUM tau_upper median 30.0

3. station / source gaps by year (median s):
      arch_minus_gdelt_cnbc  fbc_minus_cnbc_arch  fbc_minus_cnbc_gdelt
yr                                                                    
2016                   10.4                 -0.5                  -1.1
2017                  -15.7                 -2.5                  -1.2
2018                    NaN                  NaN                  -5.6
2019                  -15.1                 -7.7                  -5.3
2020                  -15.2                 -6.1                  -4.2
2021                    NaN                  NaN                   0.6
2022                  -14.5                  3.8                   1.9
2023                  -14.2                 17.2                  27.2
2024                  -15.0                 29.5                  31.8
2025                    NaN                  8.4                   NaN
2026                    NaN                 -3.3                   NaN
   IA page minus GDELT (CNBC): n 14 median -14.6 range -16.4 13.0

4. GLBX.MDP3 non-available days 2016-01-01..2026-10-02: 24 of 3410
   PRESSER DAY 2024-09-18 degraded last_modified 2026-08-29
   PRESSER DAY 2025-09-17 degraded last_modified 2026-08-28
