    date  min_bin   items   n      lo      hi     mid  video_min  overrun
20240131       20 Closing   7  2525.8   755.2  1640.5       49.5     77.9
20240131       30 Closing 134   -38.4     0.3   -19.0       49.5     77.9
20240131       40 Closing 128   -40.4     0.2   -20.1       49.5     77.9
20240131        0   Power 137   -43.2    -0.6   -21.9       49.5     77.9
20240131       10   Power 136   -43.3    -2.0   -22.7       49.5     77.9
20240131       20   Power 134   -40.9    -3.0   -21.9       49.5     77.9
20240131       30   Power  24   -48.4  -776.4  -412.4       49.5     77.9
20240131       40   Power   5 -1662.8 -3025.1 -2343.9       49.5     77.9
20240918        0 Closing   7  2756.8  2041.9  2399.4       49.8     54.0
20240918       10 Closing  16  2828.2  1833.4  2330.8       49.8     54.0
20240918       30 Closing 167   -37.7     2.4   -17.7       49.8     54.0
20240918       40 Closing 168   -38.4     1.5   -18.4       49.8     54.0
20240918       50 Closing   8   -30.1    -7.3   -18.7       49.8     54.0
20240918        0   Power 162   -42.3    -0.5   -21.4       49.8     54.0
20240918       10   Power 181   -36.1    -1.3   -18.7       49.8     54.0
20240918       20   Power 170   -12.0    28.0     8.0       49.8     54.0
20240918       30   Power  29   -20.7   -59.2   -39.9       49.8     54.0
20240918       40   Power  12 -1827.9 -2770.9 -2299.4       49.8     54.0
20250917       10 Closing  14  3815.4  1502.6  2659.0       52.2     -4.1
20250917       20 Closing  24  2346.5    82.2  1214.3       52.2     -4.1
20250917       30 Closing 181    14.1    55.0    34.6       52.2     -4.1
20250917       40 Closing 183    13.5    52.6    33.0       52.2     -4.1
20250917       50 Closing  32    14.8    57.0    35.9       52.2     -4.1
20250917        0   Power 165    12.5    53.2    32.9       52.2     -4.1
20250917       10   Power 195    10.5    50.7    30.6       52.2     -4.1
20250917       20   Power 199    12.7    51.9    32.3       52.2     -4.1
20250917       30   Power  12 -1032.2 -2872.1 -1952.1       52.2     -4.1
20250917       40   Power   9 -2305.8 -3701.7 -3003.8       52.2     -4.1
20230920        0 Closing   5  2804.9  1887.5  2346.2       53.6     17.2
20230920       10 Closing   8  4047.1  2245.3  3146.2       53.6     17.2
20230920       20 Closing  14  1201.6    89.9   645.8       53.6     17.2
20230920       30 Closing  84    11.4    52.8    32.1       53.6     17.2
20230920       40 Closing  65    14.4    53.3    33.9       53.6     17.2
20230920       50 Closing  30    13.0    52.1    32.6       53.6     17.2
20230920        0   Power 147    13.3    52.7    33.0       53.6     17.2
20230920       10   Power 143    10.9    50.5    30.7       53.6     17.2
20230920       20   Power  81     8.7    49.6    29.2       53.6     17.2
20230920       30   Power  10   -27.2 -2184.5 -1105.9       53.6     17.2
20230920       40   Power   8 -1379.8 -2402.3 -1891.0       53.6     17.2
20251029        0 Closing  11  3913.4  1747.8  2830.6       54.8     23.9
20251029       10 Closing   8  2194.5  1329.8  1762.1       54.8     23.9
20251029       20 Closing  18  2433.6    80.7  1257.1       54.8     23.9
20251029       30 Closing 171    -3.6    35.4    15.9       54.8     23.9
20251029       40 Closing 184    -5.0    34.1    14.6       54.8     23.9
20251029       50 Closing  96   -47.7   -13.7   -30.7       54.8     23.9
20251029        0   Power 164    -5.4    34.6    14.6       54.8     23.9
20251029       10   Power 188    -3.8    34.0    15.1       54.8     23.9
20251029       20   Power 175    -3.1    30.7    13.8       54.8     23.9
20251029       30   Power  14   -27.6 -1177.4  -602.5       54.8     23.9
20251029       50   Power   5 -2224.4 -3922.4 -3073.4       54.8     23.9
